A7A7A7A7A7A7A7A7A7A7A7A7A7A7A7A7
D7............................B7
D7....E8E8......O3....N8N8....B7
D7....F8........O3......M8....B7
D7..............O3............B7
D7..K8..I3C3C3C3C3C3I3..K8....B7
D7......I3..........I3........B7
D7G3G3G3G3G3G3..A3G3G3G3G3....B7
D7........M3......O3....H3....B7
D7....L3......N3........H3....B7
D7....K3K3K3K3K3K3K3K3K3H3....B7
D7............A3..............B7
D7....N8......A3........F8....B7
D7....M8M8....A3......E8E8....B7
D7............................B7
C7C7C7C7C7C7C7C7C7C7C7C7C7C7C7C7

	.BYTE 034,034,034,034,034,034,034,034,034,034,034,034,034,034,034,034
	.BYTE 114,000,000,000,000,000,000,000,000,000,000,000,000,000,000,054
	.BYTE 114,000,000,136,136,000,000,000,364,000,000,356,356,000,000,054
	.BYTE 114,000,000,156,000,000,000,000,364,000,000,000,336,000,000,054
	.BYTE 114,000,000,000,000,000,000,000,364,000,000,000,000,000,000,054
	.BYTE 114,000,276,000,224,064,064,064,064,064,224,000,276,000,000,054
	.BYTE 114,000,000,000,224,000,000,000,000,000,224,000,000,000,000,054
	.BYTE 114,164,164,164,164,164,164,000,024,164,164,164,164,000,000,054
	.BYTE 114,000,000,000,000,324,000,000,000,364,000,000,204,000,000,054
	.BYTE 114,000,000,304,000,000,000,344,000,000,000,000,204,000,000,054
	.BYTE 114,000,000,264,264,264,264,264,264,264,264,264,204,000,000,054
	.BYTE 114,000,000,000,000,000,000,024,000,000,000,000,000,000,000,054
	.BYTE 114,000,000,356,000,000,000,024,000,000,000,000,156,000,000,054
	.BYTE 114,000,000,336,336,000,000,024,000,000,000,136,136,000,000,054
	.BYTE 114,000,000,000,000,000,000,000,000,000,000,000,000,000,000,054
	.BYTE 074,074,074,074,074,074,074,074,074,074,074,074,074,074,074,074

A7A7A7A7A7A7A7A7A7A7A7A7A7A7A7A7
B7............................B7
B7..C1C1......................B7
B7..C1C1..D2D2D2D2D2D2D2D2....B7
B7............................B7
B7....F2....G3..F3F3....G2....B7
B7....F2..H3........A3..G2....B7
B7....F2..H3............G2....B7
B7....F2............B3..G2....B7
B7....F2..I3........B3..G2....B7
B7....F2....G3G3..F3....G2....B7
B7............................B7
B7....E2E2E2E2E2E2E2E2..C1C1..B7
B7......................C1C1..B7
B7............................B7
A7A7A7A7A7A7A7A7A7A7A7A7A7A7A7A7

	.BYTE 034,034,034,034,034,034,034,034,034,034,034,034,034,034,034,034
	.BYTE 054,000,000,000,000,000,000,000,000,000,000,000,000,000,000,054
	.BYTE 054,000,060,060,000,000,000,000,000,000,000,000,000,000,000,054
	.BYTE 054,000,060,060,000,102,102,102,102,102,102,102,102,000,000,054
	.BYTE 054,000,000,000,000,000,000,000,000,000,000,000,000,000,000,054
	.BYTE 054,000,000,142,000,000,164,000,144,144,000,000,162,000,000,054
	.BYTE 054,000,000,142,000,204,000,000,000,000,024,000,162,000,000,054
	.BYTE 054,000,000,142,000,204,000,000,000,000,000,000,162,000,000,054
	.BYTE 054,000,000,142,000,000,000,000,000,000,044,000,162,000,000,054
	.BYTE 054,000,000,142,000,224,000,000,000,000,044,000,162,000,000,054
	.BYTE 054,000,000,142,000,000,164,164,000,144,000,000,162,000,000,054
	.BYTE 054,000,000,000,000,000,000,000,000,000,000,000,000,000,000,054
	.BYTE 054,000,000,122,122,122,122,122,122,122,122,000,060,060,000,054
	.BYTE 054,000,000,000,000,000,000,000,000,000,000,000,060,060,000,054
	.BYTE 054,000,000,000,000,000,000,000,000,000,000,000,000,000,000,054
	.BYTE 034,034,034,034,034,034,034,034,034,034,034,034,034,034,034,034

A6A6A6A6A6A6A6A6A6A6A6A6A6A6A6A6
B6............................B6
B6J4J4J4................I4I4I4B6
B6..........C1....D1..........B6
B6....N4................K4C4C4B6
B6J4J4N4................K4....B6
B6..........E1....F1..........B6
B6....O4................L4C4C4B6
B6J4J4O4................L4....B6
B6..........G1....H1..........B6
B6....L4................M4C4C4B6
B6J4J4L4................M4....B6
B6..........I1....J1..........B6
B6D4D4D4................C4C4C4B6
B6............................B6
A6A6A6A6A6A6A6A6A6A6A6A6A6A6A6A6

	.BYTE 032,032,032,032,032,032,032,032,032,032,032,032,032,032,032,032
	.BYTE 052,000,000,000,000,000,000,000,000,000,000,000,000,000,000,052
	.BYTE 052,246,246,246,000,000,000,000,000,000,000,000,226,226,226,052
	.BYTE 052,000,000,000,000,000,060,000,000,100,000,000,000,000,000,052
	.BYTE 052,000,000,346,000,000,000,000,000,000,000,000,266,066,066,052
	.BYTE 052,246,246,346,000,000,000,000,000,000,000,000,266,000,000,052
	.BYTE 052,000,000,000,000,000,120,000,000,140,000,000,000,000,000,052
	.BYTE 052,000,000,366,000,000,000,000,000,000,000,000,306,066,066,052
	.BYTE 052,246,246,366,000,000,000,000,000,000,000,000,306,000,000,052
	.BYTE 052,000,000,000,000,000,160,000,000,200,000,000,000,000,000,052
	.BYTE 052,000,000,306,000,000,000,000,000,000,000,000,326,066,066,052
	.BYTE 052,246,246,306,000,000,000,000,000,000,000,000,326,000,000,052
	.BYTE 052,000,000,000,000,000,220,000,000,240,000,000,000,000,000,052
	.BYTE 052,106,106,106,000,000,000,000,000,000,000,000,066,066,066,052
	.BYTE 052,000,000,000,000,000,000,000,000,000,000,000,000,000,000,052
	.BYTE 032,032,032,032,032,032,032,032,032,032,032,032,032,032,032,032

A5A5A5A5A5A5A5A5A5A5A5A5A5A5A5A5
B5............M8..............B5
B5............M8..............B5
B5....C8......M8K8......G8....B5
B5..............K8............B5
B5..............K8............B5
B5....D8......G8K8......H8....B5
B5............................B5
B5............................B5
B5....E8......L8F8......I8....B5
B5............L8..............B5
B5............L8..............B5
B5....F8......L8M8......J8....B5
B5..............M8............B5
B5..............M8............B5
A5A5A5A5A5A5A5A5A5A5A5A5A5A5A5A5

	.BYTE 030,030,030,030,030,030,030,030,030,030,030,030,030,030,030,030
	.BYTE 050,000,000,000,000,000,000,336,000,000,000,000,000,000,000,050
	.BYTE 050,000,000,000,000,000,000,336,000,000,000,000,000,000,000,050
	.BYTE 050,000,000,076,000,000,000,336,276,000,000,000,176,000,000,050
	.BYTE 050,000,000,000,000,000,000,000,276,000,000,000,000,000,000,050
	.BYTE 050,000,000,000,000,000,000,000,276,000,000,000,000,000,000,050
	.BYTE 050,000,000,116,000,000,000,176,276,000,000,000,216,000,000,050
	.BYTE 050,000,000,000,000,000,000,000,000,000,000,000,000,000,000,050
	.BYTE 050,000,000,000,000,000,000,000,000,000,000,000,000,000,000,050
	.BYTE 050,000,000,136,000,000,000,316,156,000,000,000,236,000,000,050
	.BYTE 050,000,000,000,000,000,000,316,000,000,000,000,000,000,000,050
	.BYTE 050,000,000,000,000,000,000,316,000,000,000,000,000,000,000,050
	.BYTE 050,000,000,156,000,000,000,316,336,000,000,000,256,000,000,050
	.BYTE 050,000,000,000,000,000,000,000,336,000,000,000,000,000,000,050
	.BYTE 050,000,000,000,000,000,000,000,336,000,000,000,000,000,000,050
	.BYTE 030,030,030,030,030,030,030,030,030,030,030,030,030,030,030,030

A5A5A5A5A5A5A5A5A5A5A5A5A5A5A5A5
B5............................B5
B5..D6D6D6D6D6....E6E6E6E6E6..B5
B5..C6....................F6..B5
B5..C6..G5G5G5G5G5G5G5G5..F6..B5
B5..C6..M5............N5..F6..B5
B5..C6..M5............N5..F6..B5
B5......M5....C1C1....N5......B5
B5......M5....C1C1....N5......B5
B5..F6..M5............N5..C6..B5
B5..F6..M5............N5..C6..B5
B5..F6..B5B5B5....I5I5I5..C6..B5
B5..F6....................C6..B5
B5..E6E6E6E6E6....D6D6D6D6D6..B5
B5............................B5
A5A5A5A5A5A5A5A5A5A5A5A5A5A5A5A5

	.BYTE 030,030,030,030,030,030,030,030,030,030,030,030,030,030,030,030
	.BYTE 050,000,000,000,000,000,000,000,000,000,000,000,000,000,000,050
	.BYTE 050,000,112,112,112,112,112,000,000,132,132,132,132,132,000,050
	.BYTE 050,000,072,000,000,000,000,000,000,000,000,000,000,152,000,050
	.BYTE 050,000,072,000,170,170,170,170,170,170,170,170,000,152,000,050
	.BYTE 050,000,072,000,330,000,000,000,000,000,000,350,000,152,000,050
	.BYTE 050,000,072,000,330,000,000,000,000,000,000,350,000,152,000,050
	.BYTE 050,000,000,000,330,000,000,060,060,000,000,350,000,000,000,050
	.BYTE 050,000,000,000,330,000,000,060,060,000,000,350,000,000,000,050
	.BYTE 050,000,152,000,330,000,000,000,000,000,000,350,000,072,000,050
	.BYTE 050,000,152,000,330,000,000,000,000,000,000,350,000,072,000,050
	.BYTE 050,000,152,000,050,050,050,000,000,230,230,230,000,072,000,050
	.BYTE 050,000,152,000,000,000,000,000,000,000,000,000,000,072,000,050
	.BYTE 050,000,132,132,132,132,132,000,000,112,112,112,112,112,000,050
	.BYTE 050,000,000,000,000,000,000,000,000,000,000,000,000,000,000,050
	.BYTE 030,030,030,030,030,030,030,030,030,030,030,030,030,030,030,030
